a0 4 0 74 10 d8 
a0 a 0 89 1 0 0 0 0 0 0 cc 
a0 4 0 74 10 d8 
a0 a 0 89 2 0 0 0 0 0 0 cb 
a0 4 0 74 10 d8 
a0 13 0 89 a3 30 0 30 39 60 62 c3 86 d2 80 0 1b 3f a9 45 e3 
a0 d 0 89 67 18 0 0 2 0 3 0 a 4b f1 
a0 d 0 89 d7 18 0 0 3 0 2 11 11 4b 69 
a0 a 0 89 3 0 10 0 0 0 3 b7 
a0 4 0 85 10 c7 
a0 13 0 82 0 1 a 18 0 0 2 0 3 0 a 36 51 10 bf 1 42 
a0 4 0 85 10 c7 
a0 4 0 74 10 d8 
a0 a 0 89 1 0 0 0 0 0 0 cc 
a0 4 0 74 10 d8 
a0 a 0 89 2 0 0 0 0 0 0 cb 
a0 4 0 74 10 d8 
a0 d 0 89 d7 18 0 0 3 0 2 11 11 4d 67 
a0 d 0 89 d7 18 0 0 2 0 3 0 a 54 78 
a0 13 0 89 d7 30 0 30 39 60 62 c3 86 d2 80 0 1b 3f a9 42 b2 
a0 d 0 89 5b 18 0 0 3 0 2 11 11 51 df 
a0 a 0 89 3 0 16 0 0 0 4 b0 
a0 4 0 74 10 d8 
a0 a 0 89 1 0 0 0 0 0 0 cc 
a0 4 0 74 10 d8 
a0 a 0 89 2 0 0 0 0 0 0 cb 
a0 4 0 74 10 d8 
a0 d 0 89 bf 18 0 0 2 0 3 0 a 4e 96 
a0 d 0 89 bf 18 0 0 3 0 2 11 11 4b 81 
a0 13 0 89 7b 30 0 30 39 60 62 c3 86 d2 80 0 1b 3f a9 43 d 
a0 a 0 89 3 0 10 0 0 0 3 b7 
a0 4 0 85 10 c7 
a0 13 0 82 0 1 a 18 0 0 2 0 3 0 a 36 51 10 bb 1 46 
a0 4 0 85 10 c7 
a0 4 0 74 10 d8 
a0 a 0 89 1 0 0 0 0 0 0 cc 
a0 4 0 74 10 d8 
a0 a 0 89 2 0 0 0 0 0 0 cb 
a0 4 0 74 10 d8 
a0 13 0 89 67 30 0 30 39 60 62 c3 86 d2 80 0 1b 3f a9 48 1c 
a0 d 0 89 47 18 0 0 2 0 3 0 b 51 a 
a0 d 0 89 7f 18 0 0 3 0 2 11 11 52 ba 
a0 a 0 89 3 0 10 0 0 0 3 b7 
